1.0
0.8
0.0
0.55
0.55
0.74
0.75
0.37
0.2
0.7
0.01
0.68
0.64
0.64
0.6
0.0
0.59
0.74
0.41
0.85
0.84
0.02
0.0
0.39
0.58
1.0
0.76
0.0
0.81
1.0
0.96
0.72
1.0
0.72
0.86
1.0
0.62
0.0
0.0
1.0
0.69
0.69
0.63
1.0
0.67
1.0
0.58
0.33
0.35
0.52
0.72
0.45
0.62
0.0
0.52
0.0
0.35
0.0
0.79
0.06
1.0
0.78
0.73
0.01
0.86
0.79
0.56
0.8
0.73
0.71
0.65
1.0
0.61
1.0
0.67
0.78
0.58
0.46
0.0
0.77
0.5
1.0
0.84
0.0
1.0
1.0
0.74
0.01
0.63
0.37
0.99
0.87
0.84
0.62
0.7
0.2
0.31
0.89
0.97
0.66
0.94
1.0
0.0
0.04
0.99
0.47
0.59
0.61
0.99
0.6
0.36
0.99
0.99
0.58
0.95
1.0
0.47
0.98
0.99
0.99
1.0
0.02
0.59
0.51
0.43
0.78
0.44
1.0
0.61
0.55
0.0
0.87
0.99
0.74
0.98
1.0
0.04
0.97
0.99
0.65
0.24
1.0
0.69
0.0
0.53
1.0
1.0
0.14
0.06
0.66
0.89
0.3
0.98
0.48
0.72
0.35
0.75
0.37
0.57
0.67
0.54
0.81
1.0
1.0
1.0
1.0
1.0
0.0
0.47
0.81
0.88
1.0
0.79
0.73
0.41
0.98
0.64
1.0
0.67
0.84
0.59
0.99
1.0
0.63
0.47
0.95
0.76
0.98
0.57
0.85
1.0
0.93
0.72
0.78
0.71
0.66
0.0
1.0
1.0
0.6
1.0
0.87
0.63
0.77
0.69
1.0
0.9
0.0
0.86
0.0
0.87
0.84
1.0
0.62
0.5
0.78
0.56
0.44
0.0
0.06
0.0
0.7
0.17
1.0
0.75
1.0
0.67
0.81
0.0
0.72
1.0
0.57
0.66
0.71
0.0
0.91
0.6
1.0
0.78
0.87
0.89
0.6
0.54
0.99
0.89
0.98
1.0
0.53
0.5
0.67
0.32
0.62
0.99
0.97
0.71
1.0
0.0
0.59
0.0
0.0
0.68
0.04
0.73
0.75
0.95
0.44
1.0
0.83
0.59
0.68
0.75
0.7
0.99
1.0
0.57
0.79
0.82
0.27
0.92
0.97
0.65
1.0
0.56
1.0
0.57
1.0
0.5
0.67
0.2
0.65
0.79
0.43
1.0
0.93
0.64
0.0
0.58
0.39
1.0
0.71
1.0
0.86
1.0
0.0
0.0
0.54
0.4
1.0
0.57
0.59
0.15
0.05
0.73
0.5
0.6
1.0
0.65
0.78
0.87
0.55
0.82
1.0
0.33
0.02
0.98
1.0
1.0
0.01
0.0
0.64
0.53
1.0
0.82
0.41
0.79
0.96
0.87
0.78
0.85
0.82
0.6
0.96
0.0
0.53
1.0
0.7
0.65
0.52
0.72
0.89
0.67
0.85
1.0
0.0
0.6
0.0
1.0
1.0
0.75
0.65
0.99
0.73
0.56
1.0
0.54
0.57
0.75
1.0
0.57
0.82
0.81
1.0
0.74
1.0
0.93
0.94
0.77
0.79
0.98
0.54
0.25
0.73
1.0
1.0
0.3
1.0
1.0
0.54
0.49
0.61
0.65
1.0
0.95
0.02
1.0
0.0
0.86
0.72
1.0
0.54
1.0
0.73
0.92
0.68
0.13
0.74
0.03
0.0
0.73
0.0
0.62
0.65
0.3
0.0
0.55
0.62
0.79
0.84
0.94
0.0
0.63
0.55
0.5
1.0
0.88
0.02
0.73
0.96
0.92
1.0
0.77
1.0
0.67
0.84
0.65
0.91
0.58
1.0
0.75
0.73
0.59
0.91
0.75
1.0
0.61
0.6
0.99
0.46
0.96
0.19
0.83
0.68
1.0
0.02
1.0
0.68
0.0
0.56
0.77
0.65
0.71
0.6
0.63
0.62
0.71
0.69
0.8
0.05
1.0
1.0
0.57
0.0
0.71
0.01
0.58
0.69
0.72
0.1
0.45
0.06
0.56
1.0
0.74
1.0
0.71
0.88
0.45
0.84
0.57
0.98
0.0
0.0
0.73
0.82
0.09
0.34
0.74
0.63
0.91
0.0
0.48
0.41
0.84
1.0
0.65
0.33
1.0
0.89
0.94
1.0
1.0
0.96
0.62
1.0
0.69
0.55
0.46
1.0
0.75
0.0
0.29
1.0
0.62
0.49
0.97
0.98
0.86
0.55
0.22
0.74
0.86
0.62
0.46
0.67
0.46
0.58
0.0
0.65
0.55
0.66
1.0
0.55
0.11
0.57
0.5
0.89
0.55
0.92
1.0
0.98
1.0
0.99
0.83
0.68
1.0
1.0
0.01
0.58
0.01
0.31
1.0
0.39
0.85
0.58
0.91
0.88
1.0
0.47
0.58
0.61
1.0
0.95
0.19
0.96
0.79
0.95
1.0
0.54
0.18
0.61
1.0
1.0
0.57
0.99
1.0
0.0
1.0
0.65
0.55
0.05
0.61
1.0
0.35
0.16
0.43
0.2
0.66
1.0
0.55
0.99
1.0
0.0
0.7
0.43
0.86
0.83
0.57
0.31
0.45
0.83
0.17
0.9
0.74
0.16
0.67
0.5
0.0
0.94
0.65
1.0
0.94
1.0
0.3
0.05
0.78
0.49
0.99
1.0
1.0
0.76
0.89
0.88
0.0
0.68
1.0
0.0
0.75
0.95
0.58
1.0
0.43
0.73
1.0
0.47
0.56
1.0
0.9
0.68
0.96
0.19
0.68
0.57
0.5
0.85
0.67
0.4
1.0
0.04
0.54
0.53
0.03
0.64
0.49
0.75
0.81
0.16
0.89
1.0
1.0
0.14
0.61
1.0
1.0
0.0
0.0
0.15
0.28
0.44
0.0
0.97
0.95
0.8
0.64
0.17
1.0
0.97
0.76
0.85
0.98
0.66
0.77
0.0
0.77
1.0
0.23
0.0
0.0
1.0
0.71
1.0
0.64
1.0
0.0
0.56
0.72
0.96
0.0
0.61
0.76
0.61
1.0
0.71
0.0
1.0
1.0
0.42
0.64
0.45
0.0
0.78
0.68
0.68
0.64
1.0
1.0
1.0
0.57
1.0
0.47
0.33
1.0
1.0
0.67
0.66
1.0
0.86
0.05
0.98
0.73
0.51
0.8
0.59
0.34
1.0
1.0
0.68
0.04
0.71
0.75
1.0
0.75
0.83
0.8
0.0
1.0
0.87
0.62
0.05
0.64
0.52
1.0
1.0
0.0
0.0
0.58
0.54
1.0
0.96
0.59
0.3
0.67
0.97
1.0
1.0
0.67
0.48
0.56
0.89
0.81
1.0
0.64
0.92
0.81
0.8
0.88
0.22
0.55
0.19
0.91
1.0
0.66
1.0
0.49
0.23
0.86
0.0
0.89
0.46
0.88
1.0
1.0
1.0
0.59
0.01
0.38
1.0
0.37
1.0
1.0
1.0
0.0
1.0
0.61
0.37
0.71
0.63
0.96
1.0
0.82
0.57
0.94
0.55
1.0
1.0
0.59
0.0
1.0
0.37
0.91
0.97
0.68
0.65
1.0
0.85
0.72
1.0
0.68
0.78
0.69
0.51
1.0
0.92
1.0
0.69
0.85
0.81
1.0
0.66
0.8
0.72
0.66
0.69
0.25
0.87
0.92
0.98
0.04
0.98
0.69
0.72
1.0
0.44
0.55
0.7
0.55
1.0
0.42
0.38
0.81
0.26
0.52
1.0
0.59
0.84
0.77
0.86
0.29
0.2
0.69
0.82
0.24
0.75
1.0
0.96
0.89
0.32
0.82
0.13
0.66
0.75
0.83
0.0
0.51
0.41
0.0
0.99
0.45
0.69
0.89
0.07
0.82
0.98
0.05
0.74
0.08
0.69
0.0
0.07
1.0
0.6
0.24
0.71
1.0
1.0
1.0
0.83
0.56
0.94
0.66
0.64
1.0
0.71
0.0
0.5
0.83
0.15
0.43
0.7
0.52
0.51
0.63
1.0
1.0
0.15
0.91
0.88
0.81
0.76
0.78
0.8
0.61
1.0
0.81
1.0
0.56
0.0
0.62
0.34
1.0
0.87
1.0
1.0
1.0
0.88
1.0
0.62
0.59
0.77
0.38
0.18
0.29
0.9
0.23
0.55
0.67
0.0
1.0
0.23
0.69
0.57
0.7
0.99
0.42
0.65
0.57
1.0
1.0
0.42
0.54
1.0
1.0
1.0
0.62
1.0
1.0
0.56
1.0
0.68
0.88
0.18
1.0
0.61
0.91
0.2
0.42
0.76
0.68
0.0
1.0
0.69
